MSHX1
GROUPS 36
LABEL DEPLOYMENT_ADAPTER
MATERIAL 1
TEXTURE 1
GEOM 15348 11958
0.926749 1.25994 -0.31696 0.808985 -0.587817 -0 0.076287 -0.665294
0.926749 1.25994 -0.31696 0.587817 0.808985 -0 0.076287 -0.665294
0.926749 1.25994 -0.31696 -0 0 -1 0.076287 -0.716141
0.913248 1.26975 0.75231 0.587848 0.808954 -0 0.175036 -0.716141
0.913248 1.26975 0.75231 -0.809046 0.587695 -0 0.076287 -0.665294
0.926748 1.25994 0.75231 0.808985 -0.587786 -0 0.076287 -0.716141
0.926748 1.25994 0.75231 0.587848 0.808954 -0 0.175036 -0.665294
1.01539 1.13872 -0.31706 -0 0 -1 0.175036 -0.665294
1.01539 1.13872 -0.31706 -0.743034 0.66924 -0 0.175036 -0.716141
1.48551 0.489687 -0.31756 0.950987 0.309183 -0 0.076287 -0.716141
1.48551 0.489687 -0.31756 -0 0 -1 0.175036 -0.716141
1.48551 0.489687 -0.31756 -0.308939 0.951079 -0 0.076287 -0.716141
0.904202 1.22891 0.75231 0.808985 -0.587786 -0 0.175036 -0.716141
1.02779 1.12755 0.75221 0.743126 -0.669118 -0 0.175036 -0.716141
0.789872 1.35001 0.75241 0.866024 -0.499985 -0 0.076287 -0.716141
0.789872 1.35001 0.75241 0.499802 0.866115 -0 0.175036 -0.665294
1.45418 0.461956 0.75171 0.309091 -0.951018 -0 0.175036 -0.716141
0.770692 1.31679 -0.31686 0.865993 -0.499985 -0 0.175036 -0.665294
0.770692 1.31679 -0.31686 -0 0 -1 0.076287 -0.665294
0.756241 1.32514 -0.31686 -0 0 -1 0.175036 -0.665294
0.756241 1.32514 -0.31686 -0.866024 0.499985 -0 0.175036 -0.716141
0.770693 1.31679 0.75241 0.866024 -0.499985 -0 0.175036 -0.716141
1.35937 0.773576 0.75191 0.865871 0.500229 -0 0.175036 -0.665294
1.35937 0.773576 0.75191 0.499954 -0.866024 -0 0.076287 -0.716141
1.49067 0.473816 -0.31756 0.950987 0.309183 -0 0.076287 -0.665294
1.49067 0.473816 -0.31756 0.308847 -0.951079 -0 0.076287 -0.665294
1.49067 0.473816 -0.31756 -0 0 -1 0.076287 -0.716141
1.39783 0.611534 0.75181 0.406751 -0.913511 -0 0.175036 -0.716141
1.42608 0.642385 -0.31746 0.91348 0.406812 -0 0.076287 -0.716141
1.42608 0.642385 -0.31746 -0 0 -1 0.175036 -0.716141
1.42608 0.642385 -0.31746 -0.406751 0.913511 -0 0.076287 -0.716141
1.43287 0.627136 0.75181 0.91348 0.406842 -0 0.175036 -0.665294
1.43287 0.627136 0.75181 0.406751 -0.913511 -0 0.076287 -0.716141
1.35937 0.77358 -0.31736 0.865841 0.50029 -0 0.076287 -0.665294
1.35937 0.77358 -0.31736 0.499985 -0.865993 -0 0.076287 -0.665294
1.35937 0.77358 -0.31736 -0 0 -0.999969 0.076287 -0.716141
1.3178 0.768852 -0.31736 -0 0 -1 0.175036 -0.665294
1.3178 0.768852 -0.31736 -0.499985 0.866024 -0 0.175036 -0.716141
0.77542 1.35836 -0.31686 0.500259 0.865841 -0 0.076287 -0.716141
0.77542 1.35836 -0.31686 -0 0 -0.999969 0.175036 -0.716141
0.77542 1.35836 -0.31686 -0.866024 0.499985 -0 0.076287 -0.716141
1.35102 0.788029 0.75191 0.865871 0.500229 -0 0.175036 -0.716141
1.35102 0.788029 0.75191 -0.499985 0.865993 -0 0.076287 -0.665294
1.15745 1.0519 -0.31716 0.743248 0.668996 -0 0.076287 -0.716141
1.15745 1.0519 -0.31716 -0 0 -1 0.175036 -0.716141
1.15745 1.0519 -0.31716 -0.669118 0.743126 -0 0.076287 -0.716141
0.890701 1.23872 -0.31696 -0 0 -1 0.175036 -0.665294
0.890701 1.23872 -0.31696 -0.808985 0.587817 -0 0.175036 -0.716141
1.12894 1.02622 0.75211 -0.66924 0.743004 -0 0.175036 -0.665294
0.913248 1.26975 -0.31696 0.587817 0.808985 -0 0.076287 -0.716141
0.913248 1.26975 -0.31696 -0 0 -1 0.175036 -0.716141
0.913248 1.26975 -0.31696 -0.808985 0.587817 -0 0.076287 -0.716141
1.16862 1.03949 -0.31716 0.743248 0.668996 -0 0.076287 -0.665294
1.16862 1.03949 -0.31716 0.668966 -0.743248 -0 0.076287 -0.665294
1.16862 1.03949 -0.31716 -0 0 -1 0.076287 -0.716141
1.01539 1.13872 0.75221 -0.743156 0.669088 -0 0.175036 -0.665294
0.904202 1.22891 -0.31696 0.808985 -0.587817 -0 0.175036 -0.665294
0.904202 1.22891 -0.31696 -0 0 -1 0.076287 -0.665294
0.756241 1.32513 0.75241 -0.866024 0.499985 -0 0.175036 -0.665294
0.77542 1.35835 0.75241 0.499802 0.866115 -0 0.175036 -0.716141
0.77542 1.35835 0.75241 -0.866024 0.499985 -0 0.076287 -0.665294
1.02779 1.12755 -0.31706 0.743126 -0.669118 -0 0.175036 -0.665294
1.02779 1.12755 -0.31706 -0 0 -1 0.076287 -0.665294
0.789872 1.35001 -0.31686 0.865993 -0.499985 -0 0.076287 -0.665294
0.789872 1.35001 -0.31686 0.500259 0.865841 -0 0.076287 -0.665294
0.789872 1.35001 -0.31686 -0 0 -1 0.076287 -0.716141
1.45418 0.461966 -0.31756 0.308847 -0.951079 -0 0.175036 -0.665294
1.45418 0.461966 -0.31756 -0 0 -1 0.076287 -0.665294
1.39783 0.611537 -0.31746 0.40672 -0.913541 -0 0.175036 -0.665294
1.39783 0.611537 -0.31746 -0 0 -1 0.076287 -0.665294
1.23993 0.888986 0.75201 0.587817 -0.808985 -0 0.175036 -0.716141
1.43287 0.627138 -0.31746 0.91348 0.406812 -0 0.076287 -0.665294
1.43287 0.627138 -0.31746 0.40672 -0.913541 -0 0.076287 -0.665294
1.43287 0.627138 -0.31746 -0 0 -1 0.076287 -0.716141
1.26115 0.925032 0.75201 0.808924 0.587848 -0 0.175036 -0.716141
1.26115 0.925032 0.75201 -0.587817 0.808985 -0 0.076287 -0.665294
1.48551 0.489687 0.75171 0.950987 0.309183 -0 0.175036 -0.716141
1.48551 0.489687 0.75171 -0.308939 0.951079 -0 0.076287 -0.665294
0.890701 1.23871 0.75231 -0.809076 0.587695 -0 0.175036 -0.665294
1.35102 0.788031 -0.31736 0.865841 0.50029 -0 0.076287 -0.716141
1.35102 0.788031 -0.31736 -0 0 -0.999969 0.175036 -0.716141
1.35102 0.788031 -0.31736 -0.499985 0.866024 -0 0.076287 -0.716141
1.12894 1.02623 -0.31716 -0 0 -0.999969 0.175036 -0.665294
1.12894 1.02623 -0.31716 -0.669118 0.743126 -0 0.175036 -0.716141
1.32615 0.754398 0.75191 0.499954 -0.866024 -0 0.175036 -0.716141
1.23012 0.902489 -0.31726 -0 0 -1 0.175036 -0.665294
1.23012 0.902489 -0.31726 -0.587786 0.808985 -0 0.175036 -0.716141
1.23993 0.888988 -0.31726 0.587817 -0.808954 -0 0.175036 -0.665294
1.23993 0.888988 -0.31726 -0 0 -0.999969 0.076287 -0.665294
1.05346 1.15606 0.75221 0.743126 -0.669118 -0 0.076287 -0.716141
1.05346 1.15606 0.75221 0.668661 0.743553 -0 0.175036 -0.665294
1.04106 1.16722 -0.31706 0.668935 0.743278 -0 0.076287 -0.716141
1.04106 1.16722 -0.31706 -0 0 -0.999969 0.175036 -0.716141
1.04106 1.16722 -0.31706 -0.743034 0.66924 -0 0.076287 -0.716141
1.44903 0.477837 0.75171 -0.308939 0.951079 -0 0.175036 -0.665294
1.32615 0.7544 -0.31736 0.499985 -0.865993 -0 0.175036 -0.665294
1.32615 0.7544 -0.31736 -0 0 -1 0.076287 -0.665294
1.39104 0.626778 0.75181 -0.406781 0.913511 -0 0.175036 -0.665294
1.49067 0.473816 0.75171 0.950987 0.309183 -0 0.175036 -0.665294
1.49067 0.473816 0.75171 0.309091 -0.951018 -0 0.076287 -0.716141
1.42608 0.642381 0.75181 0.91348 0.406842 -0 0.175036 -0.716141
1.42608 0.642381 0.75181 -0.406781 0.913511 -0 0.076287 -0.665294
1.3178 0.768849 0.75191 -0.499985 0.865993 -0 0.175036 -0.665294
1.27096 0.911533 0.75201 0.808924 0.587848 -0 0.175036 -0.665294
1.27096 0.911533 0.75201 0.587817 -0.808985 -0 0.076287 -0.716141
1.44903 0.477837 -0.31756 -0 0 -0.999969 0.175036 -0.665294
1.44903 0.477837 -0.31756 -0.308939 0.951079 -0 0.175036 -0.716141
1.23012 0.902485 0.75201 -0.587817 0.808985 -0 0.175036 -0.665294
1.27096 0.911536 -0.31726 0.808924 0.587848 -0 0.076287 -0.665294
1.27096 0.911536 -0.31726 0.587817 -0.808954 -0 0.076287 -0.665294
1.27096 0.911536 -0.31726 -0 0 -1 0.076287 -0.716141
1.14011 1.01383 -0.31716 0.668966 -0.743248 -0 0.175036 -0.665294
1.14011 1.01383 -0.31716 -0 0 -0.999969 0.076287 -0.665294
1.26115 0.925035 -0.31726 0.808924 0.587848 -0 0.076287 -0.716141
1.26115 0.925035 -0.31726 -0 0 -1 0.175036 -0.716141
1.26115 0.925035 -0.31726 -0.587786 0.808985 -0 0.076287 -0.716141
1.15745 1.0519 0.75211 0.743248 0.668996 -0 0.175036 -0.716141
1.15745 1.0519 0.75211 -0.66924 0.743004 -0 0.076287 -0.665294
1.16862 1.03949 0.75211 0.743248 0.668996 -0 0.175036 -0.665294
1.16862 1.03949 0.75211 0.669118 -0.743126 -0 0.076287 -0.716141
1.39104 0.626783 -0.31746 -0 0 -0.999969 0.175036 -0.665294
1.39104 0.626783 -0.31746 -0.406751 0.913511 -0 0.175036 -0.716141
1.14011 1.01382 0.75211 0.669118 -0.743126 -0 0.175036 -0.716141
1.04105 1.16722 0.75221 0.668661 0.743553 -0 0.175036 -0.716141
1.04105 1.16722 0.75221 -0.743156 0.669088 -0 0.076287 -0.665294
1.05346 1.15606 -0.31706 0.743126 -0.669118 -0 0.076287 -0.665294
1.05346 1.15606 -0.31706 0.668935 0.743278 -0 0.076287 -0.665294
1.05346 1.15606 -0.31706 -0 0 -0.999969 0.076287 -0.716141
-0.155219 1.55687 0.74701 0.994507 0.104495 -0 0.076287 -0.716141
-0.155219 1.55687 0.74701 -0.104251 0.994537 -0 0.175036 -0.665294
-0.33353 1.52875 -0.32215 -0 0 -1 0.175036 -0.716141
-0.33353 1.52875 -0.32215 -0.207923 0.978118 -0 0.076287 -0.716141
-0.33353 1.52875 -0.32215 -0.978118 -0.207892 -0 0.076287 -0.716141
-0.309232 1.4947 -0.32215 0.978149 0.207862 -0 0.175036 -0.665294
-0.309232 1.4947 -0.32215 -0 0 -1 0.076287 -0.665294
-0.309232 1.4947 0.74711 0.978118 0.207892 -0 0.175036 -0.716141
-0.463876 1.45429 -0.32205 0.951048 0.30903 -0 0.175036 -0.665294
-0.463876 1.45429 -0.32205 -0 0 -1 0.076287 -0.665294
-0.644297 1.42619 -0.32195 -0 0 -1 0.175036 -0.716141
-0.644297 1.42619 -0.32195 -0.406812 0.91348 -0 0.076287 -0.716141
-0.644297 1.42619 -0.32195 -0.913511 -0.406751 -0 0.076287 -0.716141
-0.628695 1.39115 -0.32195 -0 0 -1 0.175036 -0.665294
-0.628695 1.39115 -0.32195 -0.913511 -0.406751 -0 0.175036 -0.716141
-0.155219 1.55688 -0.32225 0.994507 0.104495 -0 0.076287 -0.665294
-0.155219 1.55688 -0.32225 -0 0 -1 0.076287 -0.716141
-0.155219 1.55688 -0.32225 -0.104831 0.994476 -0 0.076287 -0.665294
-0.171816 1.55513 -0.32225 -0 0 -1 0.175036 -0.716141
-0.171816 1.55513 -0.32225 -0.104831 0.994476 -0 0.076287 -0.716141
-0.171816 1.55513 -0.32225 -0.994507 -0.104526 -0 0.076287 -0.716141
-0.317206 1.53222 -0.32215 0.978149 0.207862 -0 0.076287 -0.665294
-0.317206 1.53222 -0.32215 -0 0 -1 0.076287 -0.716141
-0.317206 1.53222 -0.32215 -0.207923 0.978118 -0 0.076287 -0.665294
-0.317207 1.53222 0.74711 0.978118 0.207892 -0 0.076287 -0.716141
-0.317207 1.53222 0.74711 -0.207923 0.978118 -0 0.175036 -0.665294
-0.15121 1.51872 0.74701 0.994507 0.104495 -0 0.175036 -0.716141
-0.171816 1.55513 0.74701 -0.104251 0.994537 -0 0.175036 -0.716141
-0.171816 1.55513 0.74701 -0.994507 -0.104526 -0 0.076287 -0.665294
-0.33353 1.52875 0.74711 -0.207923 0.978118 -0 0.175036 -0.716141
-0.33353 1.52875 0.74711 -0.978118 -0.207892 -0 0.076287 -0.665294
-0.479747 1.44913 0.74721 -0.951048 -0.30903 -0 0.175036 -0.665294
-0.15121 1.51873 -0.32225 0.994507 0.104495 -0 0.175036 -0.665294
-0.15121 1.51873 -0.32225 -0 0 -1 0.076287 -0.665294
-0.325555 1.49123 0.74711 -0.978118 -0.207892 -0 0.175036 -0.665294
-0.167806 1.51698 -0.32225 -0 0 -1 0.175036 -0.665294
-0.167806 1.51698 -0.32225 -0.994507 -0.104526 -0 0.175036 -0.716141
-0.463876 1.45429 0.74721 0.951048 0.30903 -0 0.175036 -0.716141
-0.325555 1.49123 -0.32215 -0 0 -1 0.175036 -0.665294
-0.325555 1.49123 -0.32215 -0.978118 -0.207892 -0 0.175036 -0.716141
-0.167806 1.51698 0.74701 -0.994507 -0.104526 -0 0.175036 -0.665294
-0.47573 1.49077 0.74721 0.951048 0.30903 -0 0.076287 -0.716141
-0.47573 1.49077 0.74721 -0.309153 0.950987 -0 0.175036 -0.665294
-0.491601 1.48561 0.74721 -0.309183 0.950987 -0 0.175036 -0.716141
-0.491601 1.48561 0.74721 -0.951048 -0.30903 -0 0.076287 -0.665294
-0.479747 1.44913 -0.32205 -0 0 -1 0.175036 -0.665294
-0.479747 1.44913 -0.32205 -0.951048 -0.308939 -0 0.175036 -0.716141
-0.491601 1.48562 -0.32205 -0 0 -0.999969 0.175036 -0.716141
-0.491601 1.48562 -0.32205 -0.308634 0.95117 -0 0.076287 -0.716141
-0.491601 1.48562 -0.32205 -0.951048 -0.308939 -0 0.076287 -0.716141
-0.47573 1.49077 -0.32205 0.951048 0.30903 -0 0.076287 -0.665294
-0.47573 1.49077 -0.32205 -0 0 -0.999969 0.076287 -0.716141
-0.47573 1.49077 -0.32205 -0.308634 0.95117 -0 0.076287 -0.665294
-0.629051 1.43298 -0.32195 0.913541 0.40672 -0 0.076287 -0.665294
-0.629051 1.43298 -0.32195 -0 0 -1 0.076287 -0.716141
-0.629051 1.43298 -0.32195 -0.406812 0.91348 -0 0.076287 -0.665294
-0.775492 1.35948 -0.32186 0.866085 0.499863 -0 0.076287 -0.665294
-0.775492 1.35948 -0.32186 -0 0 -0.999969 0.076287 -0.716141
-0.775492 1.35948 -0.32186 -0.500229 0.865871 -0 0.076287 -0.665294
-0.756313 1.32625 0.74741 0.866024 0.499985 -0 0.175036 -0.716141
-0.890901 1.24003 0.74751 0.808985 0.587817 -0 0.175036 -0.716141
-1.05381 1.15755 0.74761 -0.669271 0.742973 -0 0.175036 -0.716141
-1.05381 1.15755 0.74761 -0.743004 -0.66924 -0 0.076287 -0.665294
-0.644297 1.42619 0.74731 -0.406842 0.91348 -0 0.175036 -0.716141
-0.644297 1.42619 0.74731 -0.913511 -0.406751 -0 0.076287 -0.665294
-0.904402 1.23022 0.74751 -0.808985 -0.587817 -0 0.175036 -0.665294
-1.02814 1.12905 -0.32166 -0 0 -0.999969 0.175036 -0.665294
-1.02814 1.12905 -0.32166 -0.743126 -0.669118 -0 0.175036 -0.716141
-0.629052 1.43298 0.74731 0.913572 0.406659 -0 0.076287 -0.716141
-0.629052 1.43298 0.74731 -0.406842 0.91348 -0 0.175036 -0.665294
-0.789945 1.35113 -0.32186 -0 0 -1 0.175036 -0.716141
-0.789945 1.35113 -0.32186 -0.500229 0.865871 -0 0.076287 -0.716141
-0.789945 1.35113 -0.32186 -0.865993 -0.499985 -0 0.076287 -0.716141
-1.05381 1.15756 -0.32166 -0 0 -0.999969 0.175036 -0.716141
-1.05381 1.15756 -0.32166 -0.668966 0.743278 -0 0.076287 -0.716141
-1.05381 1.15756 -0.32166 -0.743126 -0.669118 -0 0.076287 -0.716141
-1.04141 1.16872 -0.32166 0.743126 0.669118 -0 0.076287 -0.665294
-1.04141 1.16872 -0.32166 -0 0 -0.999969 0.076287 -0.716141
-1.04141 1.16872 -0.32166 -0.668935 0.743278 -0 0.076287 -0.665294
-1.16914 1.04115 -0.32156 -0 0 -1 0.175036 -0.716141
-1.16914 1.04115 -0.32156 -0.668966 -0.743278 -0 0.076287 -0.716141
-1.16914 1.04115 -0.32156 -0.743248 0.668996 -0 0.076287 -0.716141
-1.12946 1.02789 -0.32156 0.669118 0.743126 -0 0.175036 -0.665294
-1.12946 1.02789 -0.32156 -0 0 -1 0.076287 -0.665294
-1.26185 0.926841 0.74781 0.587817 0.808985 -0 0.076287 -0.716141
-1.26185 0.926841 0.74781 -0.808924 0.587848 -0 0.175036 -0.665294
-1.36027 0.775517 -0.32136 -0 0 -1 0.175036 -0.716141
-1.36027 0.775517 -0.32136 -0.499985 -0.866024 -0 0.076287 -0.716141
-1.36027 0.775517 -0.32136 -0.865841 0.50029 -0 0.076287 -0.716141
-1.35192 0.789968 -0.32136 0.499954 0.866024 -0 0.076287 -0.665294
-1.35192 0.789968 -0.32136 -0 0 -1 0.076287 -0.716141
-1.35192 0.789968 -0.32136 -0.865841 0.50029 -0 0.076287 -0.665294
-1.32705 0.756338 -0.32136 -0 0 -1 0.175036 -0.665294
-1.32705 0.756338 -0.32136 -0.499985 -0.866024 -0 0.175036 -0.716141
-1.16914 1.04115 0.74771 -0.668966 -0.743278 -0 0.076287 -0.665294
-1.16914 1.04115 0.74771 -0.743248 0.668966 -0 0.175036 -0.716141
-1.27166 0.913342 0.74781 -0.587817 -0.808985 -0 0.076287 -0.665294
-1.27166 0.913342 0.74781 -0.808924 0.587848 -0 0.175036 -0.716141
-0.628695 1.39115 0.74731 -0.913511 -0.406751 -0 0.175036 -0.665294
-0.770765 1.31791 -0.32186 -0 0 -1 0.175036 -0.665294
-0.770765 1.31791 -0.32186 -0.865993 -0.499985 -0 0.175036 -0.716141
-1.36027 0.775514 0.74791 -0.499985 -0.865993 -0 0.076287 -0.665294
-1.36027 0.775514 0.74791 -0.865841 0.500259 -0 0.175036 -0.716141
-1.3187 0.770787 0.74791 0.499985 0.866024 -0 0.175036 -0.716141
-1.02814 1.12905 0.74761 -0.743034 -0.66924 -0 0.175036 -0.665294
-1.32705 0.756334 0.74791 -0.499985 -0.865993 -0 0.175036 -0.665294
-1.27166 0.913345 -0.32146 -0 0 -1 0.175036 -0.716141
-1.27166 0.913345 -0.32146 -0.587817 -0.808954 -0 0.076287 -0.716141
-1.27166 0.913345 -0.32146 -0.808985 0.587786 -0 0.076287 -0.716141
-0.913448 1.27106 0.74751 0.808985 0.587817 -0 0.076287 -0.716141
-0.913448 1.27106 0.74751 -0.587817 0.808985 -0 0.175036 -0.665294
-1.01574 1.14021 0.74761 0.743126 0.669118 -0 0.175036 -0.716141
-0.789945 1.35113 0.74741 -0.499771 0.866115 -0 0.175036 -0.716141
-0.789945 1.35113 0.74741 -0.865993 -0.499985 -0 0.076287 -0.665294
-1.15797 1.05356 0.74771 0.669118 0.743126 -0 0.076287 -0.716141
-1.15797 1.05356 0.74771 -0.743248 0.668966 -0 0.175036 -0.665294
-1.35192 0.789966 0.74791 0.499985 0.866024 -0 0.076287 -0.716141
-1.35192 0.789966 0.74791 -0.865841 0.500259 -0 0.175036 -0.665294
-0.904402 1.23022 -0.32176 -0 0 -0.999969 0.175036 -0.665294
-0.904402 1.23022 -0.32176 -0.809076 -0.587695 -0 0.175036 -0.716141
-1.39894 0.613577 0.74801 -0.406751 -0.913511 -0 0.175036 -0.665294
-1.15797 1.05356 -0.32156 0.669118 0.743126 -0 0.076287 -0.665294
-1.15797 1.05356 -0.32156 -0 0 -1 0.076287 -0.716141
-1.15797 1.05356 -0.32156 -0.743248 0.668996 -0 0.076287 -0.665294
-1.42719 0.644423 0.74801 0.406751 0.913511 -0 0.076287 -0.716141
-1.42719 0.644423 0.74801 -0.91345 0.406873 -0 0.175036 -0.665294
-1.43398 0.629179 0.74801 -0.406751 -0.913511 -0 0.076287 -0.665294
-1.43398 0.629179 0.74801 -0.91345 0.406873 -0 0.175036 -0.716141
-1.39215 0.628825 -0.32126 0.406781 0.913511 -0 0.175036 -0.665294
-1.39215 0.628825 -0.32126 -0 0 -1 0.076287 -0.665294
-1.39894 0.61358 -0.32126 -0 0 -1 0.175036 -0.665294
-1.39894 0.61358 -0.32126 -0.406781 -0.913511 -0 0.175036 -0.716141
-1.43398 0.629184 -0.32126 -0 0 -0.999969 0.175036 -0.716141
-1.43398 0.629184 -0.32126 -0.406781 -0.913511 -0 0.076287 -0.716141
-1.43398 0.629184 -0.32126 -0.91345 0.406873 -0 0.076287 -0.716141
-1.42719 0.644428 -0.32126 0.406781 0.913511 -0 0.076287 -0.665294
-1.42719 0.644428 -0.32126 -0 0 -1 0.076287 -0.716141
-1.42719 0.644428 -0.32126 -0.91345 0.406873 -0 0.076287 -0.665294
-1.3187 0.77079 -0.32136 0.499954 0.866024 -0 0.175036 -0.665294
-1.3187 0.77079 -0.32136 -0 0 -0.999969 0.076287 -0.665294
-1.48684 0.491817 -0.32116 0.308847 0.951079 -0 0.076287 -0.665294
-1.48684 0.491817 -0.32116 -0 0 -1 0.076287 -0.716141
-1.48684 0.491817 -0.32116 -0.95117 0.308634 -0 0.076287 -0.665294
-1.49199 0.475946 -0.32116 -0 0 -1 0.175036 -0.716141
-1.49199 0.475946 -0.32116 -0.309153 -0.950987 -0 0.076287 -0.716141
-1.49199 0.475946 -0.32116 -0.95117 0.308634 -0 0.076287 -0.716141
-1.45551 0.464086 -0.32116 -0 0 -0.999969 0.175036 -0.665294
-1.45551 0.464086 -0.32116 -0.309153 -0.950987 -0 0.175036 -0.716141
-0.756313 1.32625 -0.32186 0.866085 0.499863 -0 0.175036 -0.665294
-0.756313 1.32625 -0.32186 -0 0 -1 0.076287 -0.665294
-1.23082 0.904294 0.74781 0.587817 0.808985 -0 0.175036 -0.716141
-0.913448 1.27107 -0.32176 0.809076 0.587695 -0 0.076287 -0.665294
-0.913448 1.27107 -0.32176 -0 0 -1 0.076287 -0.716141
-0.913448 1.27107 -0.32176 -0.587817 0.808985 -0 0.076287 -0.665294
-1.26185 0.926847 -0.32146 0.587848 0.808954 -0 0.076287 -0.665294
-1.26185 0.926847 -0.32146 -0 0 -1 0.076287 -0.716141
-1.26185 0.926847 -0.32146 -0.808985 0.587786 -0 0.076287 -0.665294
-1.24063 0.890795 0.74781 -0.587817 -0.808985 -0 0.175036 -0.665294
-1.12946 1.02789 0.74771 0.669118 0.743126 -0 0.175036 -0.716141
-1.39215 0.628821 0.74801 0.406751 0.913511 -0 0.175036 -0.716141
-1.14063 1.01549 0.74771 -0.668966 -0.743278 -0 0.175036 -0.665294
-0.926949 1.26126 -0.32176 -0 0 -0.999969 0.175036 -0.716141
-0.926949 1.26126 -0.32176 -0.587817 0.808985 -0 0.076287 -0.716141
-0.926949 1.26126 -0.32176 -0.809046 -0.587695 -0 0.076287 -0.716141
-1.04141 1.16872 0.74761 0.743126 0.669118 -0 0.076287 -0.716141
-1.04141 1.16872 0.74761 -0.669271 0.742973 -0 0.175036 -0.665294
-0.770765 1.31791 0.74741 -0.865993 -0.499985 -0 0.175036 -0.665294
-1.01574 1.14021 -0.32166 0.743126 0.669118 -0 0.175036 -0.665294
-1.01574 1.14021 -0.32166 -0 0 -1 0.076287 -0.665294
-0.61345 1.39794 -0.32195 0.913541 0.40672 -0 0.175036 -0.665294
-0.61345 1.39794 -0.32195 -0 0 -1 0.076287 -0.665294
-0.61345 1.39793 0.74731 0.913572 0.406659 -0 0.175036 -0.716141
-1.24063 0.890797 -0.32146 -0 0 -0.999969 0.175036 -0.665294
-1.24063 0.890797 -0.32146 -0.587817 -0.808954 -0 0.175036 -0.716141
-0.890901 1.24003 -0.32176 0.809046 0.587695 -0 0.175036 -0.665294
-0.890901 1.24003 -0.32176 -0 0 -1 0.076287 -0.665294
-1.23082 0.904298 -0.32146 0.587848 0.808954 -0 0.175036 -0.665294
-1.23082 0.904298 -0.32146 -0 0 -1 0.076287 -0.665294
-0.775492 1.35947 0.74741 0.866024 0.499954 -0 0.076287 -0.716141
-0.775492 1.35947 0.74741 -0.499771 0.866115 -0 0.175036 -0.665294
-0.926949 1.26125 0.74751 -0.587817 0.808985 -0 0.175036 -0.716141
-0.926949 1.26125 0.74751 -0.808985 -0.587817 -0 0.076287 -0.665294
-1.14063 1.01549 -0.32156 -0 0 -1 0.175036 -0.665294
-1.14063 1.01549 -0.32156 -0.668966 -0.743278 -0 0.175036 -0.716141
-1.56637 -0.0081345 0.74841 -0 -1 -0 0.076287 -0.665294
-1.56637 -0.0081345 0.74841 -1 0 -0 0.175036 -0.716141
-1.56637 -0.0081345 -0.32086 -0 -1 -0 0.076287 -0.716141
-1.56637 -0.0081345 -0.32086 -0 0 -1 0.175036 -0.716141
-1.56637 -0.0081345 -0.32086 -1 0 -0 0.076287 -0.716141
-1.55704 -0.171724 -0.32076 0.104526 -0.994507 -0 0.076287 -0.716141
-1.55704 -0.171724 -0.32076 -0 0 -1 0.175036 -0.716141
-1.55704 -0.171724 -0.32076 -0.994476 -0.104831 -0 0.076287 -0.716141
-1.51889 -0.167714 0.74851 0.104526 -0.994507 -0 0.175036 -0.665294
-1.55855 0.155526 0.74831 -0.104526 -0.994507 -0 0.076287 -0.665294
-1.55855 0.155526 0.74831 -0.994537 0.104221 -0 0.175036 -0.716141
-1.45104 -0.479653 0.74871 0.308847 -0.951079 -0 0.175036 -0.665294
-1.39306 -0.628604 0.74881 0.40669 -0.913541 -0 0.175036 -0.665294
-1.43489 -0.628954 0.74881 -0.40672 0.913541 -0 0.076287 -0.716141
-1.43489 -0.628954 0.74881 -0.913511 -0.406751 -0 0.175036 -0.665294
-1.45035 0.479956 0.74811 0.309091 0.951018 -0 0.175036 -0.716141
-1.49199 0.475946 0.74811 -0.309153 -0.950987 -0 0.076287 -0.665294
-1.49199 0.475946 0.74811 -0.95117 0.308634 -0 0.175036 -0.716141
-1.48753 -0.491503 0.74871 0.308847 -0.951079 -0 0.076287 -0.665294
-1.48753 -0.491503 0.74871 -0.95114 -0.308664 -0 0.175036 -0.716141
-1.45035 0.479967 -0.32116 0.308847 0.951079 -0 0.175036 -0.665294
-1.45035 0.479967 -0.32116 -0 0 -1 0.076287 -0.665294
-1.52801 -0.0081345 -0.32086 -0 -1 -0 0.175036 -0.716141
-1.52801 -0.0081345 -0.32086 -0 0 -1 0.175036 -0.665294
-1.4562 -0.463784 -0.32056 -0 0 -1 0.076287 -0.665294
-1.4562 -0.463784 -0.32056 -0.308939 0.951079 -0 0.175036 -0.665294
-1.55681 0.172126 -0.32096 0.104526 0.994507 -0 0.076287 -0.665294
-1.55681 0.172126 -0.32096 -0 0 -1 0.076287 -0.716141
-1.55681 0.172126 -0.32096 -0.994537 0.104282 -0 0.076287 -0.665294
-1.53066 -0.333433 0.74861 0.207739 -0.978149 -0 0.076287 -0.665294
-1.53066 -0.333433 0.74861 -0.978118 -0.207984 -0 0.175036 -0.716141
-1.55681 0.172126 0.74831 0.104526 0.994507 -0 0.076287 -0.716141
-1.55681 0.172126 0.74831 -0.994537 0.104221 -0 0.175036 -0.665294
-1.49615 0.309505 -0.32106 -0 0 -1 0.175036 -0.665294
-1.49615 0.309505 -0.32106 -0.208045 -0.978088 -0 0.175036 -0.716141
-1.55879 -0.155124 0.74851 -0.104556 0.994507 -0 0.076287 -0.716141
-1.55879 -0.155124 0.74851 -0.994476 -0.104831 -0 0.175036 -0.665294
-1.52064 -0.151113 0.74851 -0.104556 0.994507 -0 0.175036 -0.716141
-1.45104 -0.479653 -0.32056 0.308847 -0.951079 -0 0.175036 -0.716141
-1.45104 -0.479653 -0.32056 -0 0 -1 0.175036 -0.665294
-1.4281 -0.644204 0.74881 0.40672 -0.913541 -0 0.076287 -0.665294
-1.4281 -0.644204 0.74881 -0.913511 -0.406751 -0 0.175036 -0.716141
-1.39985 -0.613353 -0.32046 -0 0 -1 0.076287 -0.665294
-1.39985 -0.613353 -0.32046 -0.40672 0.913541 -0 0.175036 -0.665294
-1.55879 -0.155124 -0.32076 -0 0 -1 0.076287 -0.716141
-1.55879 -0.155124 -0.32076 -0.104556 0.994507 -0 0.076287 -0.665294
-1.55879 -0.155124 -0.32076 -0.994476 -0.104831 -0 0.076287 -0.665294
-1.52064 -0.151113 -0.32076 -0 0 -1 0.076287 -0.665294
-1.52064 -0.151113 -0.32076 -0.104556 0.994507 -0 0.175036 -0.665294
-1.51889 -0.167714 -0.32076 0.104526 -0.994507 -0 0.175036 -0.716141
-1.51889 -0.167714 -0.32076 -0 0 -1 0.175036 -0.665294
-1.53413 -0.317115 -0.32066 -0 0 -1 0.076287 -0.716141
-1.53413 -0.317115 -0.32066 -0.208045 0.978088 -0 0.076287 -0.665294
-1.53413 -0.317115 -0.32066 -0.978118 -0.207984 -0 0.076287 -0.665294
-1.48753 -0.491503 -0.32056 0.308847 -0.951079 -0 0.076287 -0.716141
-1.48753 -0.491503 -0.32056 -0 0 -0.999969 0.175036 -0.716141
-1.48753 -0.491503 -0.32056 -0.95114 -0.308664 -0 0.076287 -0.716141
-1.53367 0.317486 -0.32106 -0 0 -1 0.175036 -0.716141
-1.53367 0.317486 -0.32106 -0.208045 -0.978088 -0 0.076287 -0.716141
-1.53367 0.317486 -0.32106 -0.978118 0.207953 -0 0.076287 -0.716141
-1.56637 0.008556 -0.32086 -0 0 -1 0.076287 -0.716141
-1.56637 0.008556 -0.32086 -0 1 -0 0.076287 -0.665294
-1.56637 0.008556 -0.32086 -1 0 -0 0.076287 -0.665294
-1.49314 -0.325455 -0.32066 0.207953 -0.978118 -0 0.175036 -0.716141
-1.49314 -0.325455 -0.32066 -0 0 -0.999969 0.175036 -0.665294
-1.4562 -0.463784 0.74871 -0.308939 0.951079 -0 0.175036 -0.716141
-1.39306 -0.628595 -0.32046 0.406903 -0.91345 -0 0.175036 -0.716141
-1.39306 -0.628595 -0.32046 -0 0 -0.999969 0.175036 -0.665294
-1.4281 -0.644204 -0.32046 0.406903 -0.91345 -0 0.076287 -0.716141
-1.4281 -0.644204 -0.32046 -0 0 -1 0.175036 -0.716141
-1.4281 -0.644204 -0.32046 -0.913511 -0.406751 -0 0.076287 -0.716141
-1.36139 -0.775393 -0.32036 -0 0 -1 0.076287 -0.716141
-1.36139 -0.775393 -0.32036 -0.499863 0.866085 -0 0.076287 -0.665294
-1.36139 -0.775393 -0.32036 -0.865841 -0.500259 -0 0.076287 -0.665294
-1.56637 0.008546 0.74841 -0 1 -0 0.076287 -0.716141
-1.56637 0.008546 0.74841 -1 0 -0 0.175036 -0.665294
-1.49661 -0.309134 -0.32066 -0 0 -0.999969 0.076287 -0.665294
-1.49661 -0.309134 -0.32066 -0.208045 0.978088 -0 0.175036 -0.665294
-1.5302 0.333806 0.74821 0.208014 0.978118 -0 0.076287 -0.716141
-1.5302 0.333806 0.74821 -0.978149 0.207831 -0 0.175036 -0.665294
-1.53367 0.317475 0.74821 -0.20777 -0.978149 -0 0.076287 -0.665294
-1.53367 0.317475 0.74821 -0.978149 0.207831 -0 0.175036 -0.716141
-1.49661 -0.309134 0.74861 -0.208045 0.978088 -0 0.175036 -0.716141
-1.53413 -0.317115 0.74861 -0.208045 0.978088 -0 0.076287 -0.716141
-1.53413 -0.317115 0.74861 -0.978118 -0.207984 -0 0.175036 -0.665294
-1.49268 -0.475634 0.74871 -0.308939 0.951079 -0 0.076287 -0.716141
-1.49268 -0.475634 0.74871 -0.95114 -0.308664 -0 0.175036 -0.665294
-1.43489 -0.628954 -0.32046 -0 0 -0.999969 0.076287 -0.716141
-1.43489 -0.628954 -0.32046 -0.40672 0.913541 -0 0.076287 -0.665294
-1.43489 -0.628954 -0.32046 -0.913511 -0.406751 -0 0.076287 -0.665294
-1.52801 0.008556 -0.32086 -0 0 -1 0.076287 -0.665294
-1.52801 0.008556 -0.32086 -0 1 -0 0.175036 -0.665294
-1.5302 0.333806 -0.32106 0.208014 0.978118 -0 0.076287 -0.665294
-1.5302 0.333806 -0.32106 -0 0 -1 0.076287 -0.716141
-1.5302 0.333806 -0.32106 -0.978118 0.207953 -0 0.076287 -0.665294
-1.49615 0.309505 0.74821 -0.20777 -0.978149 -0 0.175036 -0.665294
-1.52801 -0.0081345 0.74841 -0 -1 -0 0.175036 -0.665294
-1.49268 0.325826 0.74821 0.208014 0.978118 -0 0.175036 -0.716141
-1.5204 0.151516 0.74831 -0.104526 -0.994507 -0 0.175036 -0.665294
-1.35304 -0.789845 -0.32036 0.500046 -0.865993 -0 0.076287 -0.716141
-1.35304 -0.789845 -0.32036 -0 0 -1 0.175036 -0.716141
-1.35304 -0.789845 -0.32036 -0.865841 -0.500259 -0 0.076287 -0.716141
-1.31982 -0.770663 -0.32036 0.500046 -0.865993 -0 0.175036 -0.716141
-1.31982 -0.770663 -0.32036 -0 0 -0.999969 0.175036 -0.665294
-1.49268 0.325826 -0.32106 0.208014 0.978118 -0 0.175036 -0.665294
-1.49268 0.325826 -0.32106 -0 0 -1 0.076287 -0.665294
-1.52801 0.008546 0.74841 -0 1 -0 0.175036 -0.716141
-1.49268 -0.475634 -0.32056 -0 0 -1 0.076287 -0.716141
-1.49268 -0.475634 -0.32056 -0.308939 0.951079 -0 0.076287 -0.665294
-1.49268 -0.475634 -0.32056 -0.95114 -0.308664 -0 0.076287 -0.665294
-1.39985 -0.613353 0.74881 -0.40672 0.913541 -0 0.175036 -0.716141
-1.51866 0.168116 0.74831 0.104526 0.994507 -0 0.175036 -0.716141
-1.49314 -0.325464 0.74861 0.207739 -0.978179 -0 0.175036 -0.665294
-1.48684 0.491817 0.74811 0.309122 0.951018 -0 0.076287 -0.716141
-1.48684 0.491817 0.74811 -0.95117 0.308634 -0 0.175036 -0.665294
-1.55704 -0.171724 0.74851 0.104526 -0.994507 -0 0.076287 -0.665294
-1.55704 -0.171724 0.74851 -0.994476 -0.104831 -0 0.175036 -0.716141
-1.5204 0.151526 -0.32096 -0 0 -1 0.175036 -0.665294
-1.5204 0.151526 -0.32096 -0.104526 -0.994507 -0 0.175036 -0.716141
-1.53066 -0.333433 -0.32066 0.207984 -0.978118 -0 0.076287 -0.716141
-1.53066 -0.333433 -0.32066 -0 0 -1 0.175036 -0.716141
-1.53066 -0.333433 -0.32066 -0.978118 -0.207984 -0 0.076287 -0.716141
-1.55855 0.155536 -0.32096 -0 0 -1 0.175036 -0.716141
-1.55855 0.155536 -0.32096 -0.104526 -0.994507 -0 0.076287 -0.716141
-1.55855 0.155536 -0.32096 -0.994537 0.104282 -0 0.076287 -0.716141
-1.45551 0.464086 0.74811 -0.309153 -0.950987 -0 0.175036 -0.665294
-1.51866 0.168116 -0.32096 0.104526 0.994507 -0 0.175036 -0.665294
-1.51866 0.168116 -0.32096 -0 0 -1 0.076287 -0.665294
-1.15947 -1.05371 0.74911 0.669118 -0.743126 -0 0.076287 -0.665294
-1.15947 -1.05371 0.74911 -0.743278 -0.668935 -0 0.175036 -0.716141
-0.311418 -1.49604 -0.31956 0.978149 -0.207862 -0 0.175036 -0.716141
-0.311418 -1.49604 -0.31956 -0 0 -1 0.175036 -0.665294
-1.23213 -0.904302 0.74901 0.587725 -0.809015 -0 0.175036 -0.665294
-1.27298 -0.913352 0.74901 -0.587695 0.809046 -0 0.076287 -0.716141
-1.27298 -0.913352 0.74901 -0.808954 -0.587848 -0 0.175036 -0.665294
-1.17063 -1.04131 -0.32016 -0 0 -0.999969 0.076287 -0.716141
-1.17063 -1.04131 -0.32016 -0.66924 0.743034 -0 0.076287 -0.665294
-1.17063 -1.04131 -0.32016 -0.743278 -0.668935 -0 0.076287 -0.665294
-1.27298 -0.913352 -0.32026 -0 0 -1 0.076287 -0.716141
-1.27298 -0.913352 -0.32026 -0.587695 0.809046 -0 0.076287 -0.665294
-1.27298 -0.913352 -0.32026 -0.808954 -0.587848 -0 0.076287 -0.665294
-1.05547 -1.15787 -0.32006 -0 0 -0.999969 0.076287 -0.716141
-1.05547 -1.15787 -0.32006 -0.668935 -0.743278 -0 0.076287 -0.665294
-1.05547 -1.15787 -0.32006 -0.743278 0.668966 -0 0.076287 -0.665294
-1.35304 -0.789854 0.74891 0.499985 -0.865993 -0 0.076287 -0.665294
-1.35304 -0.789854 0.74891 -0.866085 -0.499832 -0 0.175036 -0.716141
-1.24194 -0.890804 -0.32026 -0 0 -1 0.076287 -0.665294
-1.24194 -0.890804 -0.32026 -0.587695 0.809046 -0 0.175036 -0.665294
-1.05547 -1.15787 0.74921 -0.669271 -0.742973 -0 0.175036 -0.665294
-1.05547 -1.15787 0.74921 -0.743278 0.668966 -0 0.076287 -0.716141
-0.89271 -1.24052 -0.31996 0.809076 -0.587695 -0 0.175036 -0.716141
-0.89271 -1.24052 -0.31996 -0 0 -1 0.175036 -0.665294
-1.14213 -1.01564 -0.32016 -0 0 -1 0.076287 -0.665294
-1.14213 -1.01564 -0.32016 -0.66924 0.743004 -0 0.175036 -0.665294
-0.915256 -1.27156 0.74931 0.808985 -0.587786 -0 0.076287 -0.665294
-0.915256 -1.27156 0.74931 -0.587817 -0.808985 -0 0.175036 -0.716141
-0.928757 -1.26175 0.74931 -0.587817 -0.808985 -0 0.175036 -0.665294
-0.928757 -1.26175 0.74931 -0.808985 0.587817 -0 0.076287 -0.716141
-0.90621 -1.23072 0.74931 -0.808985 0.587817 -0 0.175036 -0.716141
-0.772701 -1.3186 0.74941 -0.865993 0.499985 -0 0.175036 -0.716141
-0.791881 -1.35182 -0.31986 -0 0 -1 0.076287 -0.716141
-0.791881 -1.35182 -0.31986 -0.499802 -0.866115 -0 0.076287 -0.665294
-0.791881 -1.35182 -0.31986 -0.865993 0.499985 -0 0.076287 -0.665294
-0.64634 -1.42709 -0.31976 -0 0 -1 0.076287 -0.716141
-0.64634 -1.42709 -0.31976 -0.406842 -0.91348 -0 0.076287 -0.665294
-0.64634 -1.42709 -0.31976 -0.913511 0.406781 -0 0.076287 -0.665294
-0.630737 -1.39205 -0.31976 -0 0 -1 0.076287 -0.665294
-0.630737 -1.39205 -0.31976 -0.913511 0.406781 -0 0.175036 -0.665294
-0.646339 -1.42709 0.74951 -0.406842 -0.91348 -0 0.175036 -0.665294
-0.646339 -1.42709 0.74951 -0.913511 0.406751 -0 0.076287 -0.716141
-1.13096 -1.02804 0.74911 0.669118 -0.743126 -0 0.175036 -0.665294
-1.26317 -0.926852 -0.32026 0.587725 -0.809015 -0 0.076287 -0.716141
-1.26317 -0.926852 -0.32026 -0 0 -1 0.175036 -0.716141
-1.26317 -0.926852 -0.32026 -0.808954 -0.587848 -0 0.076287 -0.716141
-0.615492 -1.39884 0.74951 0.913511 -0.406751 -0 0.175036 -0.665294
-1.02981 -1.12936 -0.32006 -0 0 -1 0.076287 -0.665294
-1.02981 -1.12936 -0.32006 -0.743278 0.668966 -0 0.175036 -0.665294
-0.915257 -1.27156 -0.31996 0.809076 -0.587695 -0 0.076287 -0.716141
-0.915257 -1.27156 -0.31996 -0 0 -1 0.175036 -0.716141
-0.915257 -1.27156 -0.31996 -0.587817 -0.808985 -0 0.076287 -0.716141
-0.493727 -1.48673 0.74961 -0.309153 -0.950987 -0 0.175036 -0.665294
-0.493727 -1.48673 0.74961 -0.951048 0.309 -0 0.076287 -0.716141
-0.481873 -1.45025 -0.31966 -0 0 -1 0.076287 -0.665294
-0.481873 -1.45025 -0.31966 -0.951018 0.309061 -0 0.175036 -0.665294
-1.24194 -0.890804 0.74901 -0.587695 0.809046 -0 0.175036 -0.716141
-1.14213 -1.01564 0.74911 -0.66924 0.743034 -0 0.175036 -0.716141
-1.17063 -1.04131 0.74911 -0.66924 0.743034 -0 0.076287 -0.716141
-1.17063 -1.04131 0.74911 -0.743278 -0.668935 -0 0.175036 -0.665294
-1.0174 -1.14053 -0.32006 0.743004 -0.66924 -0 0.175036 -0.716141
-1.0174 -1.14053 -0.32006 -0 0 -1 0.175036 -0.665294
-1.13096 -1.02804 -0.32016 0.669118 -0.743126 -0 0.175036 -0.716141
-1.13096 -1.02804 -0.32016 -0 0 -1 0.175036 -0.665294
-1.02981 -1.12936 0.74921 -0.743278 0.668966 -0 0.175036 -0.716141
-0.89271 -1.24053 0.74931 0.808985 -0.587786 -0 0.175036 -0.665294
-0.777429 -1.36017 0.74941 0.865993 -0.499985 -0 0.076287 -0.665294
-0.777429 -1.36017 0.74941 -0.500259 -0.865841 -0 0.175036 -0.716141
-1.32816 -0.756225 0.74891 -0.499954 0.866024 -0 0.175036 -0.716141
-1.31982 -0.770674 0.74891 0.499985 -0.865993 -0 0.175036 -0.665294
-1.23213 -0.904302 -0.32026 0.587725 -0.809015 -0 0.175036 -0.716141
-1.23213 -0.904302 -0.32026 -0 0 -1 0.175036 -0.665294
-1.04307 -1.16904 0.74921 0.743126 -0.669118 -0 0.076287 -0.665294
-1.04307 -1.16904 0.74921 -0.669271 -0.742973 -0 0.175036 -0.716141
-0.758249 -1.32694 -0.31986 0.865993 -0.499985 -0 0.175036 -0.716141
-0.758249 -1.32694 -0.31986 -0 0 -1 0.175036 -0.665294
-1.0174 -1.14053 0.74921 0.743126 -0.669118 -0 0.175036 -0.665294
-0.791881 -1.35182 0.74941 -0.500259 -0.865841 -0 0.175036 -0.665294
-0.791881 -1.35182 0.74941 -0.865993 0.499985 -0 0.076287 -0.716141
-0.777429 -1.36016 -0.31986 0.865993 -0.499985 -0 0.076287 -0.716141
-0.777429 -1.36016 -0.31986 -0 0 -1 0.175036 -0.716141
-0.777429 -1.36016 -0.31986 -0.499802 -0.866115 -0 0.076287 -0.716141
-0.631095 -1.43388 -0.31976 0.913541 -0.40669 -0 0.076287 -0.716141
-0.631095 -1.43388 -0.31976 -0 0 -1 0.175036 -0.716141
-0.631095 -1.43388 -0.31976 -0.406842 -0.91348 -0 0.076287 -0.716141
-0.615492 -1.39883 -0.31976 0.913541 -0.406659 -0 0.175036 -0.716141
-0.615492 -1.39883 -0.31976 -0 0 -1 0.175036 -0.665294
-0.90621 -1.23072 -0.31996 -0 0 -1 0.076287 -0.665294
-0.90621 -1.23072 -0.31996 -0.808954 0.587817 -0 0.175036 -0.665294
-1.36138 -0.775403 0.74891 -0.499954 0.866024 -0 0.076287 -0.716141
-1.36138 -0.775403 0.74891 -0.866085 -0.499832 -0 0.175036 -0.665294
-0.928758 -1.26175 -0.31996 -0 0 -1 0.076287 -0.716141
-0.928758 -1.26175 -0.31996 -0.587817 -0.808985 -0 0.076287 -0.665294
-0.928758 -1.26175 -0.31996 -0.808954 0.587817 -0 0.076287 -0.665294
-0.772701 -1.3186 -0.31986 -0 0 -0.999969 0.076287 -0.665294
-0.772701 -1.3186 -0.31986 -0.865993 0.499985 -0 0.175036 -0.665294
-0.631094 -1.43388 0.74951 0.913511 -0.406751 -0 0.076287 -0.665294
-0.631094 -1.43388 0.74951 -0.406842 -0.91348 -0 0.175036 -0.716141
-0.630737 -1.39205 0.74951 -0.913511 0.406751 -0 0.175036 -0.716141
-1.26317 -0.926852 0.74901 0.587725 -0.809015 -0 0.076287 -0.665294
-1.26317 -0.926852 0.74901 -0.808954 -0.587848 -0 0.175036 -0.716141
-0.481874 -1.45025 0.74961 -0.951048 0.309 -0 0.175036 -0.716141
-1.04307 -1.16903 -0.32006 0.743034 -0.66924 -0 0.076287 -0.716141
-1.04307 -1.16903 -0.32006 -0 0 -1 0.175036 -0.716141
-1.04307 -1.16903 -0.32006 -0.668935 -0.743278 -0 0.076287 -0.716141
-1.15947 -1.05371 -0.32016 0.669118 -0.743126 -0 0.076287 -0.716141
-1.15947 -1.05371 -0.32016 -0 0 -1 0.175036 -0.716141
-1.15947 -1.05371 -0.32016 -0.743278 -0.668935 -0 0.076287 -0.716141
-1.32816 -0.756214 -0.32036 -0 0 -0.999969 0.076287 -0.665294
-1.32816 -0.756214 -0.32036 -0.499863 0.866085 -0 0.175036 -0.665294
-0.758249 -1.32695 0.74941 0.865993 -0.499985 -0 0.175036 -0.665294
-0.466003 -1.45541 0.74961 0.951048 -0.309 -0 0.175036 -0.665294
-0.477856 -1.49189 0.74961 0.951048 -0.309 -0 0.076287 -0.665294
-0.477856 -1.49189 0.74961 -0.309153 -0.950987 -0 0.175036 -0.716141
-0.466003 -1.45541 -0.31966 0.951048 -0.30903 -0 0.175036 -0.716141
-0.466003 -1.45541 -0.31966 -0 0 -1 0.175036 -0.665294
-0.477857 -1.49189 -0.31966 0.951048 -0.30903 -0 0.076287 -0.716141
-0.477857 -1.49189 -0.31966 -0 0 -1 0.175036 -0.716141
-0.477857 -1.49189 -0.31966 -0.309183 -0.950987 -0 0.076287 -0.716141
-0.493728 -1.48673 -0.31966 -0 0 -1 0.076287 -0.716141
-0.493728 -1.48673 -0.31966 -0.309183 -0.950987 -0 0.076287 -0.665294
-0.493728 -1.48673 -0.31966 -0.951018 0.309061 -0 0.076287 -0.665294
-0.335717 -1.53009 -0.31956 -0 0 -1 0.076287 -0.716141
-0.335717 -1.53009 -0.31956 -0.208502 -0.977996 -0 0.076287 -0.665294
-0.335717 -1.53009 -0.31956 -0.978118 0.207923 -0 0.076287 -0.665294
-0.319394 -1.53357 -0.31956 0.978149 -0.207862 -0 0.076287 -0.716141
-0.319394 -1.53357 -0.31956 -0 0 -1 0.175036 -0.716141
-0.319394 -1.53357 -0.31956 -0.208502 -0.977996 -0 0.076287 -0.716141
0.149202 -1.52053 -0.31926 -0 0 -1 0.076287 -0.665294
0.149202 -1.52053 -0.31926 -0.994507 -0.104495 -0 0.175036 -0.665294
-0.17003 -1.51856 0.74981 -0.994507 0.104495 -0 0.175036 -0.716141
0.331522 -1.53056 0.75011 0.978118 0.207923 -0 0.076287 -0.665294
0.331522 -1.53056 0.75011 0.207892 -0.978118 -0 0.175036 -0.716141
0.323546 -1.49304 0.75011 0.978118 0.207923 -0 0.175036 -0.665294
0.165798 -1.51879 -0.31926 0.994507 0.104495 -0 0.175036 -0.716141
0.165798 -1.51879 -0.31926 -0 0 -1 0.175036 -0.665294
0.473721 -1.49258 0.75021 0.309153 -0.950987 -0 0.175036 -0.665294
0.473721 -1.49258 0.75021 -0.951048 -0.309 -0 0.076287 -0.716141
0.627043 -1.43478 -0.31896 0.406354 -0.913694 -0 0.076287 -0.665294
0.627043 -1.43478 -0.31896 -0 0 -1 0.076287 -0.716141
0.627043 -1.43478 -0.31896 -0.913511 -0.406751 -0 0.076287 -0.665294
-0.327741 -1.49258 0.74971 -0.978118 0.207923 -0 0.175036 -0.716141
-0.17404 -1.5567 -0.31946 -0 0 -1 0.076287 -0.716141
-0.17404 -1.5567 -0.31946 -0.104831 -0.994476 -0 0.076287 -0.665294
-0.17404 -1.5567 -0.31946 -0.994507 0.104556 -0 0.076287 -0.665294
-0.327741 -1.49257 -0.31956 -0 0 -1 0.076287 -0.665294
-0.327741 -1.49257 -0.31956 -0.978118 0.207923 -0 0.175036 -0.665294
-0.153433 -1.5203 -0.31946 0.994507 -0.104526 -0 0.175036 -0.716141
-0.153433 -1.5203 -0.31946 -0 0 -0.999969 0.175036 -0.665294
-0.170029 -1.51856 -0.31946 -0 0 -1 0.076287 -0.665294
-0.170029 -1.51856 -0.31946 -0.994507 0.104587 -0 0.175036 -0.665294
0.307223 -1.49651 0.75011 -0.978118 -0.207892 -0 0.175036 -0.716141
0.754305 -1.32806 -0.31886 -0 0 -0.999969 0.076287 -0.665294
0.754305 -1.32806 -0.31886 -0.866024 -0.499985 -0 0.175036 -0.665294
0.149201 -1.52054 0.75001 -0.994507 -0.104526 -0 0.175036 -0.716141
0.642288 -1.428 0.75031 0.913511 0.406751 -0 0.076287 -0.665294
0.642288 -1.428 0.75031 0.406842 -0.91348 -0 0.175036 -0.716141
0.169807 -1.55694 -0.31926 0.994507 0.104495 -0 0.076287 -0.716141
0.169807 -1.55694 -0.31926 0.104282 -0.994537 -0 0.076287 -0.716141
0.169807 -1.55694 -0.31926 -0 0 -1 0.175036 -0.716141
-0.335717 -1.5301 0.74971 -0.207923 -0.978118 -0 0.175036 -0.665294
-0.335717 -1.5301 0.74971 -0.978118 0.207923 -0 0.076287 -0.716141
-0.157443 -1.55845 0.74981 0.994507 -0.104526 -0 0.076287 -0.665294
-0.157443 -1.55845 0.74981 -0.104251 -0.994537 -0 0.175036 -0.716141
-0.0104659 -1.52791 0.74991 -1 0 -0 0.175036 -0.716141
0.489592 -1.48742 -0.31906 0.951048 0.309 -0 0.076287 -0.716141
0.489592 -1.48742 -0.31906 0.309183 -0.950987 -0 0.076287 -0.716141
0.489592 -1.48742 -0.31906 -0 0 -0.999969 0.175036 -0.716141
0.473721 -1.49258 -0.31906 0.309183 -0.950987 -0 0.076287 -0.665294
0.473721 -1.49258 -0.31906 -0 0 -1 0.076287 -0.716141
0.473721 -1.49258 -0.31906 -0.951048 -0.309 -0 0.076287 -0.665294
0.787936 -1.35294 0.75041 0.865993 0.499985 -0 0.076287 -0.665294
0.787936 -1.35294 0.75041 0.499802 -0.866115 -0 0.175036 -0.716141
0.461868 -1.4561 0.75021 -0.951048 -0.309 -0 0.175036 -0.716141
